0.9999999999999999
1.000521555533157
1.0018533025056016
1.003584968003251
1.0049829354952968
1.00524551792201
1.0039566381470877
1.0012073918158118
0.9978110520523095
0.9956387610372666
0.9955553726701311
0.9960312251370884
0.9963219481705257
0.9964102762732502
0.9961311588478995
0.995645681904013
1.
1.00039499466567
1.0016741374753009
1.0033568194757558
1.004687949884031
1.0048048768894353
1.0033770000618742
1.0004151150245468
0.9970713298566674
0.99489352231678
0.9948209581943444
0.9951183336897639
0.9953502021623338
0.995328065211656
0.9949490962099833
0.9946365850709828
1.
1.0003259890785055
1.0016569658487897
1.0031403828968704
1.0042638559934673
1.004007592006811
1.0021095240293976
0.9990577130051549
0.9958464444827171
0.9938320387001832
0.9930768527629388
0.9929336590321731
0.9928880626814832
0.9928675294457031
0.9929651508290056
0.9930638508723969
1.
1.0005724326544938
1.0018238032525029
1.0032353851259617
1.0041126535341758
1.0034082269102884
1.0012804459654918
0.9980851473953332
0.9950788119959618
0.9930235410480933
0.9919179326083503
0.9914970125225656
0.9911889906000421
0.9912616606989679
0.9916409879971982
0.9920589137783151